16
188
0,0,cyan
1,0,cyan
2,0,cyan
3,0,cyan
4,0,cyan
5,0,cyan
6,0,cyan
7,0,cyan
8,0,cyan
9,0,cyan
10,0,cyan
11,0,cyan
12,0,cyan
13,0,cyan
14,0,cyan
15,0,cyan
0,1,cyan
1,1,cyan
2,1,cyan
12,1,cyan
13,1,cyan
14,1,cyan
15,1,cyan
0,2,cyan
1,2,cyan
6,2,yellow
7,2,yellow
8,2,yellow
9,2,yellow
14,2,cyan
15,2,cyan
0,3,cyan
1,3,cyan
3,3,yellow
4,3,yellow
5,3,yellow
6,3,yellow
7,3,yellow
8,3,yellow
9,3,yellow
14,3,cyan
15,3,cyan
0,4,cyan
1,4,cyan
2,4,yellow
3,4,yellow
4,4,yellow
5,4,yellow
6,4,yellow
7,4,yellow
8,4,yellow
9,4,yellow
10,4,yellow
11,4,yellow
14,4,cyan
15,4,cyan
0,5,cyan
1,5,cyan
2,5,yellow
3,5,yellow
4,5,blue
5,5,blue
6,5,yellow
7,5,yellow
8,5,blue
9,5,blue
10,5,yellow
11,5,yellow
14,5,cyan
15,5,cyan
0,6,cyan
1,6,cyan
2,6,blue
3,6,blue
6,6,blue
7,6,blue
10,6,blue
11,6,blue
12,6,blue
13,6,blue
14,6,yellow
15,6,cyan
0,7,cyan
1,7,cyan
2,7,blue
6,7,blue
10,7,yellow
11,7,yellow
12,7,yellow
14,7,yellow
15,7,cyan
0,8,cyan
1,8,cyan
2,8,yellow
3,8,blue
4,8,blue
5,8,blue
6,8,yellow
7,8,blue
8,8,blue
9,8,blue
10,8,yellow
11,8,yellow
12,8,yellow
14,8,yellow
15,8,cyan
0,9,cyan
1,9,cyan
2,9,yellow
3,9,yellow
4,9,yellow
5,9,yellow
7,9,yellow
8,9,yellow
9,9,yellow
10,9,yellow
11,9,yellow
12,9,yellow
13,9,yellow
14,9,yellow
15,9,cyan
0,10,cyan
1,10,cyan
3,10,yellow
4,10,yellow
5,10,yellow
8,10,yellow
9,10,yellow
10,10,yellow
11,10,yellow
13,10,yellow
14,10,cyan
15,10,cyan
0,11,cyan
1,11,cyan
4,11,yellow
5,11,yellow
6,11,yellow
7,11,yellow
8,11,yellow
9,11,yellow
10,11,yellow
13,11,yellow
14,11,cyan
15,11,cyan
0,12,cyan
1,12,cyan
2,12,cyan
5,12,yellow
6,12,red
7,12,red
8,12,red
9,12,yellow
10,12,yellow
13,12,yellow
14,12,cyan
15,12,cyan
0,13,white
1,13,white
2,13,white
3,13,white
5,13,yellow
9,13,yellow
13,13,yellow
14,13,white
15,13,white
0,14,white
1,14,white
2,14,white
3,14,white
4,14,white
11,14,yellow
12,14,yellow
13,14,yellow
14,14,yellow
15,14,white
0,15,white
1,15,white
2,15,white
3,15,white
4,15,white
5,15,white
10,15,yellow
11,15,yellow
12,15,yellow
13,15,yellow
14,15,yellow
15,15,yellow
290
0,1
0,16
1,2
1,17
2,3
2,18
3,4
4,5
5,6
6,7
7,8
8,9
9,10
10,11
11,12
12,13
12,19
13,14
13,20
14,15
14,21
15,22
16,17
16,23
17,18
17,24
19,20
20,21
21,22
21,29
22,30
23,24
23,31
24,32
25,26
25,36
26,27
26,37
27,28
27,38
28,39
29,30
29,40
30,41
31,32
31,42
32,43
33,34
33,45
34,35
34,46
35,36
35,47
36,37
36,48
37,38
37,49
38,39
38,50
39,51
40,41
40,54
41,55
42,43
42,56
43,44
43,57
44,45
44,58
45,46
45,59
46,47
46,60
47,48
47,61
48,49
48,62
49,50
49,63
50,51
50,64
51,52
51,65
52,53
52,66
53,67
54,55
54,68
55,69
56,57
56,70
57,58
57,71
58,59
58,72
59,60
59,73
60,61
61,62
62,63
62,74
63,64
63,75
64,65
65,66
66,67
66,76
67,77
68,69
68,80
69,81
70,71
70,82
71,72
71,83
72,73
72,84
74,75
74,85
76,77
76,86
77,78
77,87
78,79
78,88
79,80
80,81
80,89
81,90
82,83
82,91
83,84
83,92
84,93
85,97
86,87
86,101
87,88
87,102
88,103
89,90
89,104
90,105
91,92
91,106
92,93
92,107
93,94
93,108
94,95
94,109
95,96
95,110
96,97
96,111
97,98
98,99
98,112
99,100
99,113
100,101
100,114
101,102
101,115
102,103
102,116
103,117
104,105
104,119
105,120
106,107
106,121
107,108
107,122
108,109
109,110
109,123
110,111
110,124
111,125
112,113
113,114
113,126
114,115
114,127
115,116
115,128
116,117
116,129
117,118
118,119
118,130
119,120
119,131
120,132
121,122
121,133
122,134
123,124
124,125
124,135
125,136
126,127
126,139
127,128
127,140
128,129
128,141
130,131
130,142
131,132
131,143
132,144
133,134
133,145
134,146
135,136
136,137
136,148
137,138
137,149
138,139
138,150
139,140
139,151
140,141
140,152
141,153
142,143
142,154
143,144
143,155
144,156
145,146
145,157
146,147
146,158
147,159
148,149
148,161
149,150
150,151
151,152
152,153
152,162
154,155
154,163
155,156
155,164
156,165
157,158
157,166
158,159
158,167
159,160
159,168
160,169
163,164
163,173
164,165
164,174
165,175
166,167
166,176
167,168
167,177
168,169
168,178
169,170
169,179
170,180
171,172
171,183
172,173
172,184
173,174
173,185
174,175
174,186
175,187
176,177
177,178
178,179
179,180
180,181
182,183
183,184
184,185
185,186
186,187
108,red
