9
81
0,0,blue
1,0,blue
2,0,blue
3,0,blue
4,0,blue
5,0,blue
6,0,blue
7,0,blue
8,0,blue
0,1,blue
1,1,red
2,1,red
3,1,blue
4,1,blue
5,1,blue
6,1,red
7,1,red
8,1,blue
0,2,red
1,2,red
2,2,red
3,2,red
4,2,blue
5,2,red
6,2,red
7,2,red
8,2,red
0,3,red
1,3,red
2,3,red
3,3,red
4,3,red
5,3,red
6,3,red
7,3,red
8,3,red
0,4,yellow
1,4,red
2,4,red
3,4,red
4,4,red
5,4,red
6,4,red
7,4,red
8,4,yellow
0,5,yellow
1,5,yellow
2,5,red
3,5,red
4,5,red
5,5,red
6,5,red
7,5,yellow
8,5,yellow
0,6,yellow
1,6,yellow
2,6,yellow
3,6,red
4,6,red
5,6,red
6,6,yellow
7,6,yellow
8,6,yellow
0,7,yellow
1,7,yellow
2,7,yellow
3,7,yellow
4,7,red
5,7,yellow
6,7,yellow
7,7,yellow
8,7,yellow
0,8,yellow
1,8,yellow
2,8,yellow
3,8,yellow
4,8,yellow
5,8,yellow
6,8,yellow
7,8,yellow
8,8,yellow
144
0,1
0,9
1,2
1,10
2,3
2,11
3,4
3,12
4,5
4,13
5,6
5,14
6,7
6,15
7,8
7,16
8,17
9,10
9,18
10,11
10,19
11,12
11,20
12,13
12,21
13,14
13,22
14,15
14,23
15,16
15,24
16,17
16,25
17,26
18,19
18,27
19,20
19,28
20,21
20,29
21,22
21,30
22,23
22,31
23,24
23,32
24,25
24,33
25,26
25,34
26,35
27,28
27,36
28,29
28,37
29,30
29,38
30,31
30,39
31,32
31,40
32,33
32,41
33,34
33,42
34,35
34,43
35,44
36,37
36,45
37,38
37,46
38,39
38,47
39,40
39,48
40,41
40,49
41,42
41,50
42,43
42,51
43,44
43,52
44,53
45,46
45,54
46,47
46,55
47,48
47,56
48,49
48,57
49,50
49,58
50,51
50,59
51,52
51,60
52,53
52,61
53,62
54,55
54,63
55,56
55,64
56,57
56,65
57,58
57,66
58,59
58,67
59,60
59,68
60,61
60,69
61,62
61,70
62,71
63,64
63,72
64,65
64,73
65,66
65,74
66,67
66,75
67,68
67,76
68,69
68,77
69,70
69,78
70,71
70,79
71,80
72,73
73,74
74,75
75,76
76,77
77,78
78,79
79,80
45,magenta
